M=[27689.5944,0,269.9735,-20767.1958,0,0,0,0,0,0,0,0,0,0,0,0;0,13.9556,0,0,0,1.7444,0,0,0,0,0,0,0,0,0,0;269.9735,0,19.4381,0,0,0,0,3.3643,-269.9735,0,0,0,0,0,0,0;-20767.1958,0,0,55379.1887,0,0,0,269.9735,-20767.1958,0,0,0,0,0,0,0;0,0,0,0,14537.037,0,0,0,0,3634.2593,0,0,0,0,0,0;0,1.7444,0,0,0,6.9778,1.7444,0,0,0,-0.87222,0,0,0,0,0;0,0,0,0,0,1.7444,13.9556,0,0,0,1.7444,0,0,0,0,0;0,0,3.3643,269.9735,0,0,0,19.4381,0,0,0,0,3.3643,-269.9735,0,0;0,0,-269.9735,-20767.1958,0,0,0,0,55379.1887,0,0,0,269.9735,-20767.1958,0,0;0,0,0,0,3634.2593,0,0,0,0,14537.037,0,0,0,0,3634.2593,0;0,0,0,0,0,-0.87222,1.7444,0,0,0,6.9778,1.7444,0,0,0,-0.87222;0,0,0,0,0,0,0,0,0,0,1.7444,13.9556,0,0,0,1.7444;0,0,0,0,0,0,0,3.3643,269.9735,0,0,0,9.719,-456.8783,0,0;0,0,0,0,0,0,0,-269.9735,-20767.1958,0,0,0,-456.8783,27689.5944,0,0;0,0,0,0,0,0,0,0,0,3634.2593,0,0,0,0,7268.5185,0;0,0,0,0,0,0,0,0,0,0,-0.87222,1.7444,0,0,0,3.4889];
C=[14942854.107863362965872511267662,0,-33621.421742692566681398602668196,-3735713.5269658407414681278169155,0,0,0,0,0,0,0,0,0,0,0,0;0,3336.1792978933718742950986779761,0,0,-139007.47074555716153554385527968,-1668.089648946685937147549338988,0,0,0,0,0,0,0,0,0,0;-33621.421742692566681398602668196,0,2420.7423654738648011175428109709,0,0,0,0,-1210.3711827369324005587714054855,33621.421742692566681398602668196,0,0,0,0,0,0,0;-3735713.5269658407414681278169155,0,0,29885708.215726725931745022535324,0,0,0,-33621.421742692566681398602668196,-3735713.5269658407414681278169155,0,0,0,0,0,0,0;0,-139007.47074555716153554385527968,0,0,48016894.668987006880342960357666,0,139007.47074555716153554385527968,0,0,10743420.351895780680933967232704,34751.867686389290383885963819921,0,0,0,0,0;0,-1668.089648946685937147549338988,0,0,0,2919.1568856567003891200329235289,-1668.089648946685937147549338988,0,0,-34751.867686389290383885963819921,208.5112061183357421434436673735,0,0,0,0,0;0,0,0,0,139007.47074555716153554385527968,-1668.089648946685937147549338988,3336.1792978933718742950986779761,0,0,-139007.47074555716153554385527968,-1668.089648946685937147549338988,0,0,0,0,0;0,0,-1210.3711827369324005587714054855,-33621.421742692566681398602668196,0,0,0,2420.7423654738648011175428109709,0,0,0,0,-1210.3711827369324005587714054855,33621.421742692566681398602668196,0,0;0,0,33621.421742692566681398602668196,-3735713.5269658407414681278169155,0,0,0,0,29885708.215726725931745022535324,0,0,0,-33621.421742692566681398602668196,-3735713.5269658407414681278169155,0,0;0,0,0,0,10743420.351895780680933967232704,-34751.867686389290383885963819921,-139007.47074555716153554385527968,0,0,48016894.668987006880342960357666,0,139007.47074555716153554385527968,0,0,10743420.351895780680933967232704,34751.867686389290383885963819921;0,0,0,0,34751.867686389290383885963819921,208.5112061183357421434436673735,-1668.089648946685937147549338988,0,0,0,2919.1568856567003891200329235289,-1668.089648946685937147549338988,0,0,-34751.867686389290383885963819921,208.5112061183357421434436673735;0,0,0,0,0,0,0,0,0,139007.47074555716153554385527968,-1668.089648946685937147549338988,3336.1792978933718742950986779761,0,0,-139007.47074555716153554385527968,-1668.089648946685937147549338988;0,0,0,0,0,0,0,-1210.3711827369324005587714054855,-33621.421742692566681398602668196,0,0,0,1210.3711827369324005587714054855,-33621.421742692566681398602668196,0,0;0,0,0,0,0,0,0,33621.421742692566681398602668196,-3735713.5269658407414681278169155,0,0,0,-33621.421742692566681398602668196,14942854.107863362965872511267662,0,0;0,0,0,0,0,0,0,0,0,10743420.351895780680933967232704,-34751.867686389290383885963819921,-139007.47074555716153554385527968,0,0,24008447.334493503440171480178833,173759.33843194645169205614365637;0,0,0,0,0,0,0,0,0,34751.867686389290383885963819921,208.5112061183357421434436673735,-1668.089648946685937147549338988,0,0,173759.33843194645169205614365637,1459.5784428283501945600164617645];
K=[40000000000.0,0,-90000000.0,-10000000000.0,0,0,0,0,0,0,0,0,0,0,0,0;0,5538461.5384615387301892042160034,0,0,-230769230.76923078019171953201294,-2769230.7692307693650946021080017,0,0,0,0,0,0,0,0,0,0;-90000000.0,0,6480000.0,0,0,0,0,-3240000.0,90000000.0,0,0,0,0,0,0,0;-10000000000.0,0,0,80000000000.0,0,0,0,-90000000.0,-10000000000.0,0,0,0,0,0,0,0;0,-230769230.76923078019171953201294,0,0,81423076923.076926708221435546875,0,230769230.76923078019171953201294,0,0,16980769230.769231706857681274414,57692307.692307695047929883003235,0,0,0,0,0;0,-2769230.7692307693650946021080017,0,0,0,4846153.846153846388915553689003,-2769230.7692307693650946021080017,0,0,-57692307.692307695047929883003235,346153.84615384617063682526350021,0,0,0,0,0;0,0,0,0,230769230.76923078019171953201294,-2769230.7692307693650946021080017,5538461.5384615387301892042160034,0,0,-230769230.76923078019171953201294,-2769230.7692307693650946021080017,0,0,0,0,0;0,0,-3240000.0,-90000000.0,0,0,0,6480000.0,0,0,0,0,-3240000.0,90000000.0,0,0;0,0,90000000.0,-10000000000.0,0,0,0,0,80000000000.0,0,0,0,-90000000.0,-10000000000.0,0,0;0,0,0,0,16980769230.769231706857681274414,-57692307.692307695047929883003235,-230769230.76923078019171953201294,0,0,81423076923.076926708221435546875,0,230769230.76923078019171953201294,0,0,16980769230.769231706857681274414,57692307.692307695047929883003235;0,0,0,0,57692307.692307695047929883003235,346153.84615384617063682526350021,-2769230.7692307693650946021080017,0,0,0,4846153.846153846388915553689003,-2769230.7692307693650946021080017,0,0,-57692307.692307695047929883003235,346153.84615384617063682526350021;0,0,0,0,0,0,0,0,0,230769230.76923078019171953201294,-2769230.7692307693650946021080017,5538461.5384615387301892042160034,0,0,-230769230.76923078019171953201294,-2769230.7692307693650946021080017;0,0,0,0,0,0,0,-3240000.0,-90000000.0,0,0,0,3240000.0,-90000000.0,0,0;0,0,0,0,0,0,0,90000000.0,-10000000000.0,0,0,0,-90000000.0,40000000000.0,0,0;0,0,0,0,0,0,0,0,0,16980769230.769231706857681274414,-57692307.692307695047929883003235,-230769230.76923078019171953201294,0,0,40711538461.538463354110717773438,288461538.46153847593814134597778;0,0,0,0,0,0,0,0,0,57692307.692307695047929883003235,346153.84615384617063682526350021,-2769230.7692307693650946021080017,0,0,288461538.46153847593814134597778,2423076.9230769231944577768445015];
