function dx=nonlinsys(x)

x1  = x(1,:);
x2  = x(2,:);
x3  = x(3,:);
x4  = x(4,:);
x5  = x(5,:);
x6  = x(6,:);
x7  = x(7,:);
x8  = x(8,:);
x9  = x(9,:);
x10 = x(10,:);
x11 = x(11,:);
x12 = x(12,:);
x13 = x(13,:);
x14 = x(14,:);
x15 = x(15,:);
x16 = x(16,:);
x17 = x(17,:);
x18 = x(18,:);
x19 = x(19,:);
x20 = x(20,:);
x21 = x(21,:);
x22 = x(22,:);
x23 = x(23,:);
x24 = x(24,:);
x25 = x(25,:);
x26 = x(26,:);
x27 = x(27,:);
x28 = x(28,:);
x29 = x(29,:);
x30 = x(30,:);
x31 = x(31,:);
x32 = x(32,:);

t2 = x5.^2;
t3 = x10.^2;
t4 = x15.^2;
t5 = sqrt(5.0);
t6 = sqrt(1.57e2);
t7 = x6.^2;
t8 = x2.^2;
t9 = x7.^2;
t10 = x11.^2;
t11 = x12.^2;
t12 = x16.^2;
t13 = x3.^2;
t14 = x4.^2;
t15 = x8.^2;
t16 = x9.^2;
t17 = x1.^2;
t18 = x13.^2;
t19 = x14.^2;
dx = [x17;x18;x19;x20;x21;x22;x23;x24;x25;x26;x27;x28;x29;x30;x31;x32;t2.*(-7.315014497619625e4)-t3.*2.802098423652203e4-t4.*7.314316386649497e4-t7.*3.106243040020544e1-t8.*1.253980354074251e2-t9.*6.228845257785814e1-t10.*1.050562940541952e1-t11.*3.189775034924702e1-t12.*9.175227009687321-x1.*2.37476085953619e6+x3.*9.163551085390205e3-x4.*1.577431635977362e6+x8.*1.325392648026076e3-x9.*2.946576254523997e5+x13.*3.354174749554525e2-x14.*2.274408343812705e5-x17.*8.871426266278371e2+x19.*3.423240174473471-x20.*5.892832700384487e2+x24.*4.951287243772088e-1-x25.*1.100756477226164e2+x29.*1.25302359837181e-1-x30.*8.496538015825098e1-t2.*x1.*1.134125573112122e5+t2.*x3.*1.829212650903823e3-t2.*x4.*4.453518718349661e5-t3.*x3.*4.222189443966883e2-t3.*x4.*3.404841900128985e4-t2.*x8.*2.46578513713342e2+t2.*x9.*4.026240967760241e4+t3.*x8.*4.398146274263442e2-t3.*x9.*1.348744416766831e5+t4.*x8.*3.27920285127844e-3+t4.*x9.*4.072744449461801e3-t3.*x13.*1.759568302965596e1+t3.*x14.*6.027455985773432e3-t4.*x13.*3.27920285127844e-3-t4.*x14.*7.721481524833968e4-t2.*x17.*6.831583521800763e1+t2.*x19.*1.101854970917637-t2.*x20.*2.682646949475054e2-t3.*x19.*2.543302127662515e-1-t3.*x20.*2.050959996910184e1-t2.*x24.*1.485304406364582e-1+t2.*x25.*2.425269485342146e1+t3.*x24.*2.649292488068878e-1-t3.*x25.*8.124373835801112e1+t4.*x24.*1.975279342485686e-6+t4.*x25.*2.453281587954995-t3.*x29.*1.059903604063633e-2+t3.*x30.*3.630732783654311-t4.*x29.*1.975279342485686e-6-t4.*x30.*4.65115567442811e1-x2.*x5.*1.466219003649776e2+x2.*x6.*6.041171605801889e1+x5.*x6.*4.45409288384863e3-x5.*x7.*4.225749622477605e3+x6.*x7.*9.706592039957971e1+x5.*x10.*7.097479158040721e4+x5.*x11.*1.269361780360623e3-x6.*x10.*1.546993501772392e2-x6.*x11.*2.667978996265986e1-x7.*x10.*2.329000982559299e2+x7.*x11.*2.751098475613656e1-x2.*x18.*9.369022742529185e-2+x10.*x11.*1.155351062555099e3-x10.*x12.*1.081005139334446e3-x5.*x18.*8.832000461111812e-2+x11.*x12.*3.281255534824087e1+x2.*x22.*3.129776908386878e-2+x6.*x18.*3.129776908386878e-2+x10.*x15.*1.433408012630139e4-x5.*x21.*4.40631387638514e1+x10.*x16.*3.132535252125156e2-x11.*x15.*2.839328521678412e2+x5.*x22.*2.682992807081525-x11.*x16.*1.263249133087854e1+x12.*x15.*9.63722447155748e2-x5.*x23.*2.545446657106621-x6.*x22.*2.320806828529647e-2+x12.*x16.*3.098294535025318e1+x6.*x23.*3.75369511970322e-2+x7.*x22.*3.75369511970322e-2-x7.*x23.*4.653836297377498e-2+x5.*x26.*2.137639023928518e1+x10.*x21.*2.137639023928518e1-x15.*x16.*6.797895949879069e2+x5.*x27.*7.646200057123664e-1-x10.*x22.*9.318558337451685e-2-x6.*x27.*9.966805226011588e-3-x10.*x23.*1.402910322447772e-1-x11.*x22.*9.966805226011588e-3+x7.*x27.*1.415159294149179e-2+x11.*x23.*1.415159294149179e-2-x10.*x26.*1.687887996825356e1+x10.*x27.*6.95943859125564e-1-x10.*x28.*6.511604245545962e-1-x11.*x27.*7.849204375823155e-3+x11.*x28.*1.346538571131059e-2+x12.*x27.*1.346538571131059e-2-x12.*x28.*2.383217149189229e-2+x10.*x31.*4.317179151612843+x15.*x26.*4.317179151612843+x10.*x32.*1.886931810483261e-1-x15.*x27.*1.710314131128364e-1-x11.*x32.*4.719136874404167e-3+x15.*x28.*5.805133528126373e-1-x16.*x27.*4.719136874404167e-3+x12.*x32.*1.285024481764068e-2+x16.*x28.*1.285024481764068e-2-x15.*x31.*4.40589335827736e1-x15.*x32.*4.094819396998009e-1-x16.*x32.*6.855203930614251e-3-x3.*x5.*x10.*4.631326935403187e2-x4.*x5.*x10.*7.885680080596229e4+x5.*x8.*x10.*4.631326935403187e2-x5.*x9.*x10.*4.545972127070034e3-x1.*x5.*x21.*6.831583521800763e1+x3.*x5.*x21.*1.101854970917637-x4.*x5.*x21.*2.682646949475054e2-x8.*x10.*x15.*1.466056833692198e2-x3.*x5.*x26.*1.3948762608867e-1-x3.*x10.*x21.*1.3948762608867e-1-x5.*x8.*x21.*1.485304406364582e-1-x5.*x10.*x19.*2.7897525217734e-1-x9.*x10.*x15.*1.824459626654174e4-x4.*x5.*x26.*2.375031626743323e1-x4.*x10.*x21.*2.375031626743323e1+x5.*x9.*x21.*2.425269485342146e1-x5.*x10.*x20.*4.750063253486646e1+x10.*x13.*x15.*1.466056833692198e2-x3.*x10.*x26.*2.543302127662515e-1+x5.*x8.*x26.*1.3948762608867e-1+x5.*x10.*x24.*2.7897525217734e-1+x8.*x10.*x21.*1.3948762608867e-1-x10.*x14.*x15.*1.628988473023011e4-x4.*x10.*x26.*2.050959996910184e1-x5.*x9.*x26.*1.369168856171579-x5.*x10.*x25.*2.738337712343159-x9.*x10.*x21.*1.369168856171579+x8.*x10.*x26.*2.649292488068878e-1-x9.*x10.*x26.*8.124373835801112e1-x8.*x10.*x31.*4.415511802450499e-2-x8.*x15.*x26.*4.415511802450499e-2-x10.*x13.*x26.*1.059903604063633e-2-x10.*x15.*x24.*8.831023604900997e-2-x9.*x10.*x31.*5.494959560535905-x9.*x15.*x26.*5.494959560535905+x10.*x14.*x26.*3.630732783654311-x10.*x15.*x25.*1.098991912107181e1+x8.*x15.*x31.*1.975279342485686e-6+x10.*x13.*x31.*4.415511802450499e-2+x10.*x15.*x29.*8.831023604900997e-2+x13.*x15.*x26.*4.415511802450499e-2+x9.*x15.*x31.*2.453281587954995-x10.*x14.*x31.*4.906233962686247-x10.*x15.*x30.*9.812467925372494-x14.*x15.*x26.*4.906233962686247-x13.*x15.*x31.*1.975279342485686e-6-x14.*x15.*x31.*4.65115567442811e1-t5.*t6.*x2.*x22.*3.115757327870909e-4-t5.*t6.*x6.*x18.*3.115757327870909e-4-t5.*t6.*x6.*x23.*4.55389669974169e-5-t5.*t6.*x7.*x22.*4.55389669974169e-5-t5.*t6.*x7.*x27.*1.382788811886744e-4-t5.*t6.*x11.*x23.*1.382788811886744e-4-t5.*t6.*x11.*x28.*4.309948700009999e-5-t5.*t6.*x12.*x27.*4.309948700009999e-5-t5.*t6.*x12.*x32.*4.55389669974169e-5-t5.*t6.*x16.*x28.*4.55389669974169e-5;